# Name of the Graph:
EDGE_LIST read from lngraph_2018_10_12__12_00.txt
# Number of Nodes:
1456
# Number of Edges:
12406

0:1;285;48
1:0
2:3;34;40
3:2
4:5;234;189;194;230;298;324;325;336;361;385;392;314;411;414;416;320;412;428;492;540;1018;1120;1121;1133;1316;806;1332;1333;1374;554;557;238
5:4
6:7
7:6;743;809;1213;887;544;683
8:9;10;11;12;13;14;15;16;17;18;19;20;21;22;23;24;25;26;27;28;29;30;31;32;33;137;147;158;198;187;186;189;191;338;240;236;392;394;400;314;446;544;667
9:8
10:8
11:8
12:8
13:8
14:8
15:8
16:8
17:8
18:8
19:8;59;68
20:8
21:8
22:8
23:8
24:8
25:8
26:8
27:8
28:8
29:8
30:8
31:8
32:8
33:8;189;278;369;283
34:2
35:36;182;340;346;193;408;410;415;445;449;454;457;465;466;469;392;536;825;743;809;985;821;544;1204;683;40
36:35
37:38;683
38:37;41;40;84;369;288;108;591;139;413;769;733;667;843;69;771;857;1131;985;1221;1341;683
39:40;291;281;288;505;533;544;502;121;702;758;833;667;529;825;809;787;1003;917;1091;857;1315;743
40:39;38;42;46;47;49;50;51;44;52;56;57;55;58;67;68;63;70;75;78;71;89;93;95;90;108;109;112;118;125;120;150;156;157;167;183;184;192;151;202;206;209;210;214;76;216;219;224;226;227;204;229;230;255;256;264;272;277;283;294;309;314;315;321;330;345;344;359;360;364;122;380;328;377;396;399;97;409;411;414;418;420;421;452;450;463;472;480;193;485;489;492;494;499;498;525;543;500;551;553;549;557;569;586;537;580;593;433;597;598;287;606;609;613;170;577;619;627;630;626;659;661;544;663;638;337;528;671;574;611;675;660;668;676;617;331;700;646;74;703;714;712;720;699;724;554;584;730;731;640;745;747;673;752;757;760;765;768;211;790;792;751;343;258;369;159;45;2;729;665;335;134;794;797;576;793;632;583;422;748;312;656;810;692;761;820;825;836;837;833;840;850;614;249;854;535;54;195;561;862;550;758;637;607;766;674;88;349;376;859;518;591;651;856;872;641;877;886;895;891;871;892;900;881;759;909;927;928;932;718;941;931;943;800;946;806;918;949;951;952;942;955;957;579;179;65;964;857;953;973;956;826;979;985;989;1000;999;201;529;1004;986;855;1017;1020;684;969;908;1034;1035;1040;1045;695;784;72;1085;1086;1090;1092;1105;1107;1110;1060;1122;1133;1136;1126;1131;599;1142;238;1168;1106;1027;1199;1240;565;1255;625;1205;1269;1278;228;1183;1279;1328;1247;1201;1343;1349;919;1373;1387;1386;1309;383;1368;683;1274;1374;1236;1341;81;35;1196;87
41:38
42:43;40;59;82;66;84;281;318;335;285;467;580;277;663;201;771;924
43:42
44:45;40;63;65;195;272;321;369;518;502;617;557;641;663;689;693;742;683;743;879;825;982;857;855;1018;769;238;874;985;1131;1182;1341;809;570
45:44;64;69;88;66;121;105;292;288;193;285;201;365;412;524;544;563;421;616;678;573;665;320;663;760;683;771;40;743;786;825;862;809;971;157;149;857;985;1031;694;832;1131;1045;1193;1341;1057;1409
46:40;69;80;275;285;118;502;544;349;554;712;663;683;766;769;760;743;667;857;862;1301
47:40;48;76;81;66;120;133;271;321;369;484;485;150;544;502;637;656;682;201;584;770;771;743;825;554;683;760;149;692;56;1058;751;614;1131;786;1148;787;985;809;1193;1253;687;1215;1301;766;1419;667;1184
48:47;62;65;88;91;109;105;117;67;124;151;54;205;207;216;288;66;315;331;72;134;224;320;430;433;438;343;489;492;496;503;508;518;499;528;537;0;94;544;126;558;569;575;562;502;578;238;599;554;606;603;626;659;663;584;664;641;561;680;682;678;691;665;686;702;729;657;745;751;742;759;771;770;397;826;781;863;849;871;834;879;850;894;811;699;551;918;652;881;851;923;947;890;817;914;995;1005;1007;1004;1010;617;1015;1019;802;1017;52;1037;1055;1045;857;1074;1100;856;1136
49:40;94;288;527;683;786;667;809;379
50:40;288;683;1131;1226;1096
51:40;55;72;65;58;71;120;142;122;69;285;417;369;481;683;743;667;760;915;825;819;857;1027;809;1144;1131;635;554
52:40;79;187;271;281;269;285;193;412;87;447;268;502;574;69;605;610;639;201;729;766;733;683;743;54;820;834;641;751;771;56;667;149;914;811;856;968;48;809;985;1193;857
53:54
54:53;64;102;88;134;136;137;65;159;67;160;161;82;48;175;180;186;190;193;196;197;204;187;233;269;271;255;284;288;298;285;305;309;310;311;312;316;322;330;315;341;342;350;151;390;411;369;280;412;451;471;486;492;493;502;524;525;485;526;559;575;582;585;663;635;238;561;675;689;680;69;725;729;733;737;587;768;593;786;788;780;804;743;52;819;789;641;40;858;748;833;599;892;811;809;915;881;379;531;985;844;871;984;157;909;1022;1023;56;1044;1040;1058;1004;857;1076;1047;1060;1091;856;813;850;1183;683;1240;1334;1361;1382;1432;1430;1301;667
55:51;40;109;369;611;283;683;751;724
56:40;193;195;825;52;369;992;635;614;54;47;485;122;857;1045;1131;1183;1192;586;131;1172;625;1057
57:40;59;84;110;111;281;278;253;69;699;746;413;782;733;683;667;786;657;809;857;1301
58:40;51;120;333;502;561;629;683;641;369;743;635;118;667;786;809;771;857;1113;856;985;238;1202;1196;1280;1225;1301
59:42;57;19;84;66;139;145;162;69;201;195;205;215;193;281;288;191;285;451;478;343;739;172;743;683;809;1184
60:61;68;77;65;66;124;88;281;288;285;366;328;321;544;635;369;733;825;864;857;1020;561;683;985;1131;625;1278;743;1341;667
61:60
62:48;683
63:44;40;663;751;771;743;825
64:45;54;300;330;351;352;353;354;355;356;357;362;320;386;314;344;387;435;464;486
65:66;48;44;51;60;90;115;106;120;119;87;54;67;194;151;68;204;282;121;411;412;492;484;515;430;397;748;743;751;742;768;881;850;759;793;857;81;809;40;157;1005;985;887;1089;969
66:65;42;84;45;47;60;59;108;67;87;131;48;193;285;654;678;769;733;743;825;820;667;870;897;751;786;771;923;641;809;982;369;857;1183
67:40;72;48;122;149;54;65;195;205;204;276;281;66;299;121;285;315;87;193;84;412;342;451;492;109;617;743;771;760;825;836;641;751;108;157;769;809;857;1093;985;1135;786;561;1131;1173;1176;1188;693;610;1221
68:40;60;83;19;200;65;193;186;94;285;288;312;559;565;618;109;743;827;683;856;1225;809
69:46;45;87;153;51;59;204;278;299;88;492;499;253;369;121;575;126;52;591;109;54;57;665;729;650;159;593;751;821;526;397;601;38;135;626
70:40
71:72;40;51;151
72:71;73;74;51;67;200;48;277;94;444;92;502;91;418;577;40;561;369;1183;809
73:72
74:72;40
75:40;92;108;281;543
76:47;40;108;343;648;683;743;825;667;952;769;809;787;857
77:60
78:40
79:52
80:46
81:47;114;157;501;522;502;605;727;744;733;87;554;771;901;121;667;201;151;343;597;65;377;617;962;235;493;963;974;635;331;188;909;1021;1063;335;857;202;240;287;906;122;282;118;1131;1193;1194;1221;1241;1260;1363;1204;40
82:42;54;498;397;502;663;561;413;667;751;864;857;1131;809;683
83:68
84:38;66;57;59;113;116;119;107;122;123;110;42;114;128;86;132;173;174;194;151;255;146;345;411;90;67;133;369;126;428
85:86
86:85;84
87:69;65;208;66;285;118;131;366;376;67;388;227;393;403;193;52;437;365;450;451;479;492;546;544;575;626;554;643;653;430;660;663;659;349;678;641;733;665;825;584;703;702;81;820;850;599;870;857;985;1004;818;1067;605;1063;683;1134;1135;1146;771;1131;755;743;557;1186;1189;806;1177;561;1255;1286;1126;1386;1150;489;1008;1204;40
88:48;45;54;147;60;220;285;412;331;69;576;631;643;656;120;109;585;693;760;743;733;683;667;864;40;369;992;157;809;1121;1131
89:40;840
90:65;40;193;257;211;421;84;369;502;743;195;635;683;809
91:48;72;617;678;741;743;683;881;786
92:75;166;369;72
93:40;683;1360
94:49;204;278;157;115;321;68;72;150;539;48;575;578;626;643;659;670;561;121;751;765;743;983
95:40;825;771
96:97;326;502;170;171;651;771;787;1131;635;789;1045;809;840;683;743;1184;1358
97:96;147;40;771;895;531;149;644;1045;1218;1222;550;1184;743;1085
98:99
99:98;147;288;193;343;397;533;126;502;605;663;693;576;733;864;1131;1183;886
100:101
101:100
102:54;126;272
103:104
104:103;107;143;146;162;389;125;411;481;517;560;149;771;743;825;809;683;985;1285;1204
105:106;48;45;821;544;1225;683
106:105;65;191;187;268
107:104;84;820
108:40;66;75;76;361;179;38;537;743;67;887;1301;667
109:40;48;55;272;68;67;201;69;88;121;397
110:57;84;570;649;652;765;743;825;809
111:57
112:40;460
113:84;187
114:81;84;124;122;172;195;281;285;342;253;610;656;751;895;992;1193;809;1184
115:65;94;393;625;680;1096
116:84;137;825
117:48;693;683;743
118:40;232;87;150;366;370;277;349;497;46;512;523;462;547;159;421;563;134;649;650;369;641;678;120;131;683;769;816;743;253;771;825;663;609;836;544;786;878;58;751;826;733;930;881;157;993;809;585;1052;857;1131;850;765;1003;81;1176;561;1430;1221
119:84;65;129;199;284;743;771;1226
120:51;47;58;65;40;281;271;337;478;88;693;702;118;122;121;743;769;834;641;667;683;880;850;897;733;957;955;440;771;809;529;751;1131;985;694
121:45;178;179;205;281;271;67;321;288;65;412;369;451;487;492;397;526;544;69;562;39;639;663;641;678;109;94;120;729;786;743;850;683;879;81;771;811;825;238;554;809;857;897;1045;1089;751;1114;1214;1177;1225;224;1126;747;766;667;1184
122:84;138;51;67;114;162;228;293;281;40;285;379;439;577;580;603;601;640;641;557;667;694;120;760;729;733;743;617;770;825;771;899;881;956;871;157;857;809;56;81;1114;985
123:84;281;544
124:48;126;127;60;130;131;135;114;284;146;325;328
125:40;312;104
126:124;136;147;102;271;368;84;48;99;69;197;594;621;599;616;288;639;643;617;645;625;663;666;698;678;561;733;665;699;768;771;817;813;823;819;830;770;751;786;826;641;825;865;850;811;658;809;667;857;1007;1008;369;1036;985;909;238;1131;1193;1276;1183;1316;1357;1279;683;1385;1430;1204
127:124
128:84
129:119
130:124;139;369;715;771;683;857
131:124;162;211;157;204;281;66;285;87;288;369;271;533;610;479;518;564;641;118;683;881;771;1130;1193;625;584;56;614;806;635;809
132:84;137
133:47;162;195;193;281;84;471;524;377;953;857;899;864;1090;1131;840;1206;820;743
134:54;48;377;397;607;118;227;663;738;561;40;743;771;583;1094;856;1131;809;1177;683
135:124;743;69;683;825;786
136:54;126;165;284
137:8;54;185;239;167;146;240;241;242;243;154;244;245;246;247;248;212;250;132;166;251;116;254;199;156;284;209
138:122;635
139:130;59;609;38
140:141
141:140;144;168;187;203;771;825
142:51;181;554;755;1376;1279;683;901;1184
143:104;199
144:141
145:59;1008
146:104;169;137;236;270;240;284;84;280;215;265;124;277;187;339;394;443;448;455;411;743;825;809;985;771;1226
147:8;126;148;88;97;99;683
148:147;617;1131
149:67;150;205;369;328;502;606;698;325;742;104;635;52;240;663;47;238;544;157;97;249;270;45;992;593;236;343;881;765;985;554;1096;1131;587;809;625;1316
150:40;149;118;365;288;152;160;94;397;159;47;554;544;502;645;668;678;369;641;743;683;771;825;751;856;880;857;809;667;1221
151:48;40;65;71;220;193;84;278;281;280;54;440;369;522;480;538;544;580;610;663;683;769;743;554;834;760;238;733;81;809;157;998;982;857;771;787;1193;648;1204
152:153;204;278;301;321;325;331;344;345;377;150;412;369
153:152;164;69;369;484
154:155;165;137;683
155:154;250
156:40;137;317;369;488;589;617;654;663;678;413
157:40;131;94;81;285;321;288;406;472;376;528;551;502;620;694;369;733;722;743;780;692;786;641;771;277;850;811;45;67;561;663;825;149;151;122;118;422;420;201;575;857;635;88;599;54;809;65;765;1136;1114;985;1193;1057;1369
158:8
159:54;232;269;285;405;451;502;150;118;576;649;349;69;769;40;743;614;771;683;760;733;992;908;1051;809;786;201;985;840;1409
160:54;150
161:54
162:163;131;122;59;104;199;133
163:162;195;164;825;809;683
164:153;163;282
165:136;154;225;252;260;191;825
166:92;137
167:40;137;771
168:141
169:146;825
170:171;40;603;614;635;96;418;789
171:170;698;614;635;96;418;789
172:114;59;604;1080
173:84;544
174:84;825;1389
175:54
176:177;809;786;1341
177:176;864;1241;743;747
178:121;278;272
179:121;288;108;505;502;765;771;40;856;430;857;1131;809;985;1293;667;1369;743;1375;683
180:54;369
181:142
182:35
183:40;492;397
184:40;185;743;683
185:184;137;1204
186:54;8;68
187:188;141;8;106;54;113;52;146;369
188:187;286;81
189:33;4;8
190:54;369
191:106;199;165;8;284;59
192:40;515;698;683
193:54;90;217;68;151;209;59;199;253;133;284;303;45;66;56;99;269;330;35;377;52;238;87;67;369;428;477;40
194:65;84;4
195:114;133;44;59;67;163;303;373;320;56;398;435;334;40;614;683;90;881;857
196:54
197:54;126;774
198:8
199:162;193;249;137;258;143;259;260;261;262;263;265;191;119;825;771;743
200:68;278;72
201:59;45;287;367;377;397;548;552;567;568;584;646;655;657;660;661;109;676;693;695;698;680;704;52;725;729;42;47;703;743;683;809;238;868;825;771;856;641;81;850;972;157;40;857;1093;985;1096;751;1142;1156;714;159;1171
202:40;81
203:141
204:152;69;54;40;231;131;67;65;94;502
205:48;121;59;149;67;278;369;397;674;749;743;683;825;1096
206:40;345
207:48
208:87;554;683;743;544;238;1041;1136;809;687;1327
209:40;193;212;270;258;137;332;328;347;371
210:40
211:131;90;40;683
212:213;225;209;137;297;236;327;302;264;1184;743;1391
213:212;287;284
214:40
215:59;217;278;284;146;358
216:48;40;561
217:215;193;218;236;441;825
218:217
219:40
220:221;151;88;588;985;570
221:220;588;683
222:223
223:222;395
224:40;48;574;121
225:212;165;284;369
226:40;544
227:40;278;87;528;480;134;683;825;641;369;771;857
228:122;282;40
229:40
230:40;4
231:204;369;349
232:159;272;118
233:54;825;561
234:4
235:236;270;81;667;683;502
236:235;146;284;212;217;8;825;743;771;149;809;850
237:238
238:237;344;348;193;342;451;467;468;471;495;492;481;318;523;538;502;555;556;558;572;573;581;48;592;599;587;628;633;638;654;658;585;544;54;659;717;726;733;584;750;761;671;764;808;812;828;271;838;841;842;845;862;875;876;201;891;892;893;879;151;918;923;937;939;149;121;960;970;769;858;987;992;977;771;1006;1008;1012;1014;687;1043;1048;743;1057;1058;1045;557;44;614;1067;1069;583;208;706;719;1047;1088;1010;985;896;1106;1125;1138;1139;126;58;1113;1147;1144;1152;554;40;1131;1160;1163;1165;765;1024;978;1085;1192;1196;1216;1220;1233;1238;1250;1258;1261;1101;1265;1127;1273;1276;1269;1283;1290;785;1282;1199;1240;1211;1279;272;1320;1321;820;1324;1225;849;561;1353;1207;798;1355;1354;981;1361;1364;809;843;1382;1255;644;1395;383;1358;1394;1414;1063;683;1421;1349;1301;1419;1267;1430;1374;4;667;1350;1193;1454;851
239:137
240:137;266;279;267;146;334;8;771;149;743;809;81;985;683
241:137
242:137;683
243:137
244:137;683
245:137
246:137;280
247:137
248:137;771
249:199;402;743;40;809;149
250:137;155;267;1371
251:137
252:165;380
253:193;281;430;114;69;57;118;743
254:137
255:40;84;54
256:40
257:90;743;771;881;769;1114;683;667
258:199;209;584;40;683;635;952;920;958;983
259:199
260:199;165;284
261:199
262:199
263:199
264:40;212
265:199;278;146
266:240;743;1131
267:250;240
268:106;52
269:54;52;159;193;328;379;309;743;1096
270:235;146;284;209;771;149;809
271:52;54;120;121;126;47;131;681;622;238;771;825;369;786
272:40;232;44;304;285;102;178;369;500;502;564;522;608;109;759;683;743;825;760;809;1193;1183;1131;238;1315;840
273:274;480
274:273
275:46;683
276:67
277:40;278;146;72;118;42;641;652;748;683;743;820;157;856;809;1128;765
278:152;33;215;94;69;281;57;205;265;178;277;200;227;288;289;290;151;369;502;1274;743;570;809;683
279:240
280:246;146;151;320;392;54;369;492;534
281:131;59;57;67;60;52;278;42;121;133;253;114;75;123;39;122;287;151;120;331;328;412
282:228;295;296;379;164;65;396;428;743;81;985
283:40;421;33;472;617;55;771;667;683;825;848
284:193;137;270;236;215;285;136;225;260;146;124;54;213;119;302;191;338;809;985;1285;743
285:284;54;338;88;87;131;59;51;45;60;67;66;42;52;46;114;272;157;331;301;312;299;349;122;68;367;377;159;381;0
286:188
287:213;281;201;40;599;733;743;683;667;771;809;81;1131;605
288:278;54;45;48;179;59;60;306;99;309;313;321;382;383;39;131;38;121;384;49;331;68;150;157;412;369;492;50;575;608;126;643;692;665;729;683;743;821;820;768;809;857
289:278
290:278;369
291:39;809
292:45
293:122
294:40
295:282;1437
296:282
297:212;825
298:4;54
299:67;285;69;635;760;413;743;667;787;786;857;992;864;1131;1139;809;1061
300:64
301:152;285;743;825;683;864;1190
302:284;212;652
303:193;195;1204
304:272
305:54
306:288;456;501;502;849;771;809;857;1131;786;1295
307:308
308:307
309:54;40;288;693;269
310:54
311:54
312:125;54;349;285;68;535;616;732;760;40;667;635;809;1009;683;1183;1139;857;1184;1008;1452
313:288;369;743;683;825;641;857;1096
314:40;64;8;4;771;683
315:48;40;67;54
316:54
317:156
318:42;397;238
319:320
320:319;323;280;195;64;4;48;45;743;809;683;1184
321:40;152;288;94;47;44;157;121;60
322:54
323:320
324:4;683
325:124;4;152;149
326:96;1131;1341;683;667
327:212
328:329;269;209;281;374;375;378;40;396;60;149;124;471;809;985;683;544
329:328
330:40;193;64;54
331:48;152;281;285;288;88;451;502;397;678;40;745;683;743;824;825;751;635;81;599;561;993;985;663;719;809;857;769;864;1131;787;1432
332:209
333:58
334:240;195;825;743
335:42;369;700;40;829;825;667;81;377
336:4
337:120;369;502;40;676;743;667;570;771;529;769;665;1096;786
338:284;8;285;1204
339:146
340:35
341:54
342:114;54;67;238;820;751
343:76;413;99;48;59;399;40;667;897;825;81;1056;809;771;149;1149;787;1131;985;683
344:238;152;40;64;864
345:40;84;152;206
346:35
347:209;683
348:238
349:312;285;231;118;377;418;571;46;159;87;489;635;712;825;771;683;40;646;617;811;862;420;789;1031;809;1071;857;1131
350:54
351:64
352:64;683
353:64
354:64;1204
355:64;412;560
356:64;1204
357:64;544
358:215;391;683;667
359:40
360:40
361:4;108;363
362:64;1204
363:361;743
364:40;771;1131;1096
365:45;372;150;87
366:118;87;60
367:201;285;369;488;610
368:126
369:38;231;33;44;187;401;407;54;152;130;121;131;288;337;272;180;377;419;84;367;190;422;153;149;412;225;47;90;92;424;51;425;426;290;193;427;428;429;439;411;280;335;442;156;151;458;205;313;470;473;471;474;519;518;278;69;575;587;515;397;55;589;561;672;631;583;118;673;593;584;60;500;573;618;688;607;150;681;577;626;632;579;611;602;524;615;617;609;697;699;661;665;563;499;663;641;157;733;643;743;745;751;680;683;763;757;768;765;40;812;58;88;384;813;865;591;866;633;635;698;877;881;840;802;760;908;825;809;379;850;887;793;656;613;704;636;868;682;966;820;923;974;56;982;952;871;420;608;996;837;616;707;689;935;725;668;227;958;997;718;753;985;999;818;66;552;909;992;1028;986;1040;1017;694;126;646;1015;1004;1059;1053;857;1064;1045;1089;72;1077;1060;1111;1124;1131;494;271;995;771;1118;687;831;834;928;849;965;863;622;1193;1074;821;1084;1085;1267;971;1344;544;1127;1382;1341;1432
370:118
371:209;412
372:365
373:195
374:328;683
375:328
376:87;157;526;40
377:201;285;193;152;40;369;459;490;491;349;467;134;533;544;502;549;133;652;678;581;722;769;561;733;759;743;617;827;771;825;81;557;982;786;809;857;335;831;1131;683;554
378:328
379:122;282;446;269;683;54;369;49;635
380:252;40
381:285
382:288;488;780;743;751;825;683;786;857;1131
383:288;751;238;40
384:288;437;413;840;683;743;369;890;771;786;1038;825;641;1043;1079;1097;1340;1441
385:4
386:64
387:64;520;683
388:87
389:104
390:54;1179
391:358;404;864;614
392:4;8;280;35;423
393:87;743;771;683;641;115;864;1295
394:146;8
395:223;683;743
396:40;328;282;809
397:201;121;82;205;183;425;150;99;318;65;480;462;331;557;544;134;430;369;528;515;625;663;696;109;693;635;683;743;771;584;599;48;825;751;69;641;809;857;793;585;1045;985;1131;1114;1429
398:195;825
399:40;343;661;743;819;667;913;771
400:8
401:369
402:249;985
403:87;771;683;635
404:391;683
405:159
406:157
407:369;526
408:35
409:40
410:35
411:40;4;54;65;84;369;146;104
412:65;121;45;288;152;88;281;4;369;54;67;423;52;371;355;453
413:343;632;648;680;82;442;674;299;433;743;38;156;723;384;57;985;1130;1274;1260;1356
414:40;4;683
415:35
416:4
417:51;610;743;683;771;864;1131
418:40;349;72;773;743;632;170;171;683;641;857;771
419:369
420:40;825;809;369;743;157;349;561
421:90;40;546;283;118;45
422:369;626;650;693;751;683;786;40;157
423:412;392;493;769;1126;1258;1329;806;660;809;1333;1381;1414;1424;552;1193
424:369
425:369;397
426:369;610;527;743;758;683;809;982;864;1144;606
427:369
428:4;193;369;84;282;617;683
429:369
430:48;65;253;397;644;87;651;751;683;667;951;923;179;857;743;680;864
431:432
432:431;505
433:48;579;40;740;413;683;985;585
434:435
435:434;195;436;64
436:435
437:384;87
438:48
439:122;369
440:151;120
441:217
442:369;467;413
443:146
444:72
445:35
446:379;8;1204
447:52
448:146
449:35
450:87;40;683
451:54;238;87;67;331;121;59;159;678
452:40;1391
453:412;821;667
454:35
455:146;1296
456:306
457:35
458:369
459:377
460:112
461:462
462:461;118;397
463:40;683
464:64;771
465:35;1204
466:35;1204;544
467:238;377;42;442
468:238
469:35
470:369;505
471:54;238;369;133;328
472:40;157;283
473:369
474:369
475:476;771;743
476:475
477:193
478:120;59
479:87;131;678;746;683
480:40;273;502;151;227;397;693;743;771;825;667;683;881;857;864;1131;1126;809
481:51;104;238
482:483
483:482;809
484:153;47;65;693;683;743;825;641;864;857
485:40;47;504;54;610;743;667;751;825;809;1025;56;1090;786;985;1341;1183
486:54;64
487:121
488:367;156;382
489:40;48;625;349;687;683;809;1407;87
490:377
491:377
492:48;54;40;67;121;280;65;183;4;238;288;69;87
493:423;54;81;771
494:40;506;683;743;369
495:238
496:48
497:118
498:82;40
499:40;69;48;635;642;369;640;683;751;825;786;982;653;857;743;1135;1131;985;1341;1184
500:272;545;40;369;751
501:81;306;683;667;1183;1341;809;1427
502:54;331;52;337;96;480;159;46;272;204;58;278;179;39;149;306;377;44;238;81;72;82;90;150;157;47;48;99;575;561;544;635;1204;1231;807;707;879;735;1225;1207;1184;729;622;687;636;1349;1330;518;874;235;1342;965
503:48
504:485;521;544;743;825
505:39;506;432;507;470;511;179;541;542
506:505;494;520;557;751;1162;1096;1341;743;683
507:505;1204
508:48
509:510;1096;1344
510:509
511:505;771
512:118
513:514
514:513;743
515:65;192;369;397;683
516:517;560;825
517:516;104
518:48;44;369;554;131;687;703;557;743;751;40;895;825;771;969;1114;1131;809;887;1334;667;1184;1407;683;502
519:369;683
520:506;387;590
521:504
522:151;81;272;617;743;635;683;871;840;1366;1368;789
523:118;238;667;820
524:54;133;45;369;584;561;683;743;825;771;857;641
525:54;40;552;656;667;857
526:121;407;54;376;577;683;743;814;69;825
527:49;426
528:227;48;157;603;397;584;40
529:530;743;635;641;39;337;809;786;992;40;719;120;1114;1193;1377
530:529;548
531:532;743;825;771;97;54;1024;840
532:531;560;771;1398
533:377;39;99;131;1025;646;809
534:280
535:312;683;40;881
536:35
537:48;40;108;666;1131;1126;1341;1184
538:151;238
539:94;1193
540:4;550;635;1131
541:505
542:505;683
543:40;75;548;547
544:377;46;45;60;39;151;47;504;87;121;48;397;150;557;599;40;238;680;617;635;703;743;771;821;825;751;641;105;123;118;786;881;667;149;850;793;985;1032;561;208;1091;1045;1131;1172;1173;755;1183;1184;820;1188;1075;1101;1171;1202;1169;687;1212;502;605;1216;695;1242;625;1294;7;35;773;1237;8;369;1057;809;1380;683;173;226;552;735;466;1412;554;1204;1419;1322;357;328;1312
545:500
546:87;421
547:118;543;1131
548:201;543;743;530;683;897;825;864;809;1131;1174;1226;1341
549:377;40;848;683
550:540;604;666;825;787;40;644;743;1131;97
551:40;157;718;743;786;683;48;663;635;680;1306;1363
552:201;525;683;825;369;857;561;1182;1202;1431;423;544
553:40
554:208;150;518;578;583;590;48;599;622;626;87;561;658;698;703;46;665;40;680;729;683;771;787;748;793;724;819;646;151;825;607;47;850;849;641;81;881;617;121;959;977;1007;1027;1083;981;1101;1119;149;238;142;1183;1084;1225;809;1291;1279;1150;1207;1191;614;1211;1126;1333;51;377;743;1282;1373;1382;1383;1327;1358;1410;4;1019;1389;1440;544;808;667;1008;1193;1184
555:238
556:238
557:397;40;599;625;122;544;44;678;641;729;665;698;506;561;518;825;646;742;734;912;377;614;1019;238;985;1101;1131;1096;809;87;1171;1173;1183;821;1187;666;1386;4;1425;1327;808
558:238;48;1131
559:68;54
560:104;566;532;516;355
561:58;502;369;612;554;216;94;48;54;684;710;711;126;680;524;609;82;729;727;703;557;134;377;771;704;762;857;40;635;641;714;694;811;833;871;653;850;961;157;331;818;420;1011;1002;1029;1040;897;658;72;1045;544;1074;985;1063;60;765;683;1126;552;233;1131;67;1144;1123;1122;1210;87;1232;1233;1214;1251;1261;1276;1279;887;1225;238;1354;1201;585;1150;1016;809;1333;1382;1358;1394;1349;118;1419;1433;1267;1399;1204;667;1193;1184
562:121;48;620;743;930
563:45;118;369;683
564:272;131;693
565:68;40
566:560
567:201;743;683;693
568:201;713;743;771
569:48;40;683;809
570:110;337;599;768;667;704;769;735;1221;278;220;859;44;1120;1008
571:349
572:238
573:238;635;369;45;683;825;584
574:52;632;40;743;825;857;224;683
575:48;54;369;94;502;69;288;87;678;683;825;836;743;771;967;809;871;157;1002;985
576:159;88;632;99;614;40;743;683;825;667
577:122;526;40;72;648;369;683;786;790
578:94;48;554;825;1131;683
579:433;369;857;40;809
580:122;42;40;151;743;1193;1304;683
581:238;685;377
582:54
583:554;666;369;743;40;821;817;857;771;751;134;1045;238;787;1096;1131;809;1193;1338;1183;1341;1301;1184
584:201;48;528;663;369;258;698;524;40;736;733;238;47;821;397;827;87;751;819;573;944;809;1014;985;818;1055;1064;909;1131;773;1074;1193;1101;1251;131;683;1419
585:54;238;88;660;762;920;118;751;397;1027;683;1193;1316;561;1358;809;1385;1225;1305;1417;433
586:40;683;56
587:369;238;54;683;825;149;641;1301;1434;667
588:220;221
589:156;369
590:554;520
591:38;69;700;683;820;825;369;40;864;786;1131;809;1183
592:238
593:40;619;369;663;686;703;699;54;802;69;683;771;809;149;985;857;1102
594:126
595:596;743;771
596:595;1059
597:40;602;683;743;751;834;667;81;864
598:40
599:238;48;554;557;614;126;629;635;544;609;665;287;729;626;703;687;771;786;683;760;793;770;712;818;761;825;758;397;641;819;570;787;87;714;54;850;895;871;811;912;947;980;801;331;157;762;1008;625;1054;1057;857;1095;1108;751;919;1131;40;840;978;1183;1272;985;1084;1236;1349;849;1338;809;1371;1358;1075;1433;1374;667;894;1204
600:601;693;757;765;683
601:600;122;610;626;723;736;683;743;786;810;758;69;751;929;809;857;1375
602:597;640;369;683;743;641;786;771;1131;1177
603:528;122;48;170;626;635;642;743;760;683;1126
604:550;765;771;172;625
605:52;81;99;729;743;87;887;693;544;769;287;635;1274;809;1241;814
606:40;48;149;765;683;426
607:134;369;648;743;825;554;40;771;809;1183;1406
608:288;272;743;369
609:40;663;599;139;683;369;561;743;118;786;751;667;914;641;857;862;665;1035;680;821;794;825;625;985;1047;1131;864
610:131;52;615;114;367;426;417;601;485;643;645;662;665;151;745;857;786;67;789;1258
611:55;617;40;369;683;743;786;857;809;1091
612:561
613:40;743;957;369
614:599;630;625;639;651;655;657;646;706;678;729;170;171;748;576;626;806;825;159;40;846;826;850;195;663;929;949;909;658;557;862;857;992;1010;56;951;890;238;985;47;391;1131;787;1114;1177;131;1196;554;1173;1126;809;1327;683;1075
615:610;369;663;743;825;683
616:312;126;45;683;635;897;825;881;369;771;1131;985;809
617:91;522;44;156;283;126;625;611;67;148;678;544;369;40;719;733;760;635;122;377;825;683;771;667;912;349;554;428;636;81;809;857;48;1047;1102;985;1155;1231;1225;1101;1401;1389
618:68;369
619:40;593
620:562;157
621:126
622:554;634;271;693;743;825;663;1131;787;369;985;809;683;1341;502;667
623:624
624:623;789;743;683;1225
625:557;614;397;489;617;126;678;742;770;856;862;769;635;599;1007;719;609;1045;806;115;787;1010;857;1131;1122;786;604;840;1153;1165;1193;1217;131;1209;1233;821;60;887;40;1276;1287;544;1279;56;626;1277;781;849;1341;1354;149;1057;809;1338;1389;1204;1455
626:601;48;87;554;635;603;94;40;422;678;369;599;663;727;614;743;771;825;69;933;881;857;809;1044;985;765;1131;1139;787;625;820;1301
627:40;743
628:238;743;771;809;765
629:58;599;779;743;786;836;683;1017;864;1123
630:40;614
631:88;369
632:576;636;574;369;413;418;743;40;825;827;667;915;809;985;857
633:238;369;683;825;635
634:622;678
635:499;626;599;603;637;573;639;669;663;60;54;668;349;678;698;709;716;656;540;641;665;544;171;170;743;747;753;299;756;680;397;762;733;522;768;793;810;683;617;822;771;561;748;369;529;58;877;884;883;616;881;892;138;149;879;825;312;924;258;947;871;920;960;331;81;990;971;801;862;978;1005;809;1007;157;909;808;625;1013;1017;1022;1028;1031;56;1038;1040;1039;551;403;887;1066;633;1071;1016;840;1092;1095;1093;1060;1097;896;1117;1045;1127;857;1139;1141;813;1130;1138;1014;96;1156;1159;379;1131;1123;90;1177;605;667;502;1225;1260;1264;1276;1274;1282;821;886;131;51;1184;1313;1316;1198;1318;1132;1268;1350;1126;1219;1377;1386;1391;1358;1421;1414;1431;1430;1438;1375;1442;1445;1419;1437
636:632;677;641;683;617;369;786;831;1131;1341;667;502
637:635;47;743;771;825;40;683
638:238;40
639:635;121;126;52;614;683;743;809
640:122;602;499;40;743
641:122;44;277;131;48;121;118;663;150;636;87;557;635;678;369;733;834;54;544;67;599;120;52;602;484;227;397;840;771;58;561;126;870;157;554;872;40;418;729;667;727;529;201;862;793;811;609;809;393;66;871;971;704;895;914;981;984;992;821;751;1014;855;1024;313;524;384;1004;831;919;1131;1155;768;587;1169;1226;1193;1233;1252;985;683;887;1184;1301;1422;1431;1374;825;1204
642:603;499;683;1260
643:288;610;94;88;126;87;369
644:430;735;550;97;1231;1309;1319;1218;238
645:610;150;126;683
646:647;201;614;40;703;743;554;557;786;856;683;349;938;809;988;771;369;533;1073;851;857;909;985
647:646
648:577;76;607;413;683;743;878;855;825;786;857;809;985;151
649:110;118;159;683
650:422;118;69
651:614;430;96;743;40;809;735;821
652:377;110;277;302;48;1341
653:87;561;499;658
654:66;238;156
655:201;614;743;786;912;809;1306
656:47;88;525;114;635;40;887;369;856
657:201;614;48;725;661;743;683;667;877;57;662;857;1131;809;1449
658:238;554;935;126;614;653;561
659:40;48;94;87;238
660:87;201;40;585;423
661:40;201;369;657;743;662;399;771;786;825;933;1245;857;809;683
662:610;725;661;758;771;965;657;809;1308;683
663:48;40;54;126;87;584;121;44;635;63;82;156;134;609;593;679;680;397;641;707;46;369;99;683;721;665;736;42;151;626;45;771;615;826;819;825;118;857;768;850;614;881;149;551;909;809;958;157;622;985;684;1007;331;743;887;856;1171
664:48;703
665:610;599;48;369;554;635;69;288;663;734;557;673;45;126;738;729;693;694;765;40;87;683;793;761;825;786;771;897;915;809;942;871;857;978;337;609;1036;1073;1089;1139;985;1183;1276;1323;1126;840;1358
666:126;550;583;537;1078;773;985;786;1365;809;557
667:122;38;82;337;825;312;820;525;287;480;485;76;88;120;299;283;51;66;343;734;523;597;632;576;850;570;657;771;813;766;58;617;46;768;335;430;748;399;49;39;641;57;609;52;729;703;698;81;544;126;809;735;985;821;953;1150;635;1204;1231;501;453;1008;879;807;1225;707;150;1184;518;1330;622;1207;1349;636;1342;874;235;965;8;904;60;1172;923;1178;179;887;1027;912;1251;1327;1357;326;727;257;47;1301;1182;794;1316;1358;108;1063;587;898;1078;1439;718;1221;1367;808;1072;358;1197;1101;554;238;54;683;599;743;121;895;561
668:150;635;40;743;683;771;369
669:635
670:94;743;1341;683
671:40;238
672:369;743;881;809;683
673:369;665;40;751
674:205;690;760;413;743;825;683;40;786;771;864;933;857
675:40;54
676:201;40;337
677:636;743;683;786
678:479;451;118;626;121;331;66;635;377;634;156;575;625;45;617;87;91;557;150;48;614;707;641;126;693
679:663;780;743;825;786;864;857;821;1196;683
680:663;48;544;54;201;561;554;703;369;635;413;760;821;825;830;771;850;897;953;769;857;955;985;719;609;1050;1045;1062;1023;115;909;1122;813;1131;1153;430;1163;809;1203;1193;1231;1183;1233;551;1279;1322;1316;1236;1441;1196
681:271;369;743;844;825;773;1131;985;809;1341;1184
682:48;47;825;683;369;771;864;1131;1341;1301
683:609;208;663;369;151;725;760;118;374;46;45;554;597;397;50;499;331;526;741;702;591;524;519;767;602;62;714;770;733;648;535;55;599;791;489;611;52;150;748;793;418;88;600;51;703;796;762;484;601;698;272;479;801;665;201;288;227;76;587;422;639;117;287;277;645;812;205;635;575;494;606;501;573;552;839;835;47;674;576;617;817;827;850;384;851;393;49;721;701;780;159;68;44;776;593;746;740;860;646;349;58;862;657;417;480;615;668;603;91;699;258;797;826;522;430;192;577;426;677;433;869;813;783;569;858;120;688;301;57;283;548;868;789;624;704;563;849;551;700;403;549;694;567;616;882;637;629;649;766;313;121;726;885;873;883;347;866;888;633;843;382;818;889;846;130;775;636;881;903;736;135;834;450;910;837;908;195;911;131;915;921;920;922;211;682;586;884;928;931;870;809;909;379;954;956;960;857;976;761;914;986;991;993;992;999;978;1004;1005;1022;515;1035;1039;1040;743;1041;1052;1053;1055;1060;1068;1081;765;1102;1105;1107;1092;561;819;1090;87;1129;831;574;642;585;895;1007;955;1095;60;312;981;1091;951;428;352;163;1025;314;93;672;792;240;395;147;320;104;377;1167;244;542;803;358;387;184;463;1170;712;404;242;1193;1223;1232;1258;808;59;1276;806;1281;324;641;90;1183;1126;54;1184;923;622;1045;757;820;1279;1323;1328;1334;1168;1333;1393;96;1083;584;38;874;343;953;126;278;1093;328;1196;1242;904;1229;1174;1416;1249;751;1395;1352;257;544;326;879;134;235;852;179;275;1178;662;730;840;1420;800;729;1027;518;1202;580;773;661;105;695;221;995;707;1204;1266;1295;1320;142;1208;670;742;1423;1216;82;1277;1016;1330;855;506;1226;1305;985;1221;414;40;1349;1252;238;755;679;7;1430;1072;1197;1435;1310;1436;154;1402;1225;614;37;1374;734;578;667;1087;1077;758;35;1453;1171
684:561;663;751;928;40
685:581;1204
686:593;48;687
687:489;518;599;825;771;238;1025;1083;1087;1131;369;1153;1045;544;1246;47;1075;985;1267;208;887;1311;714;727;1184;686;743;502;948
688:369;683;909
689:54;44;721;693;760;825;369;1341;809
690:674
691:48
692:288;157;40;47
693:201;480;701;120;117;99;484;422;622;44;564;678;728;741;689;665;88;397;600;754;732;772;778;780;309;788;768;769;793;801;770;810;814;567;67;1193;694;605;985;1295;809;1333;1389;1368;1430;1204
694:122;157;665;683;561;771;369;45;881;1193;693;120;820;1231;809
695:201;743;40;857;544;1341;683
696:397
697:369
698:554;192;635;201;584;149;126;557;171;753;733;771;683;825;369;850;667;760;809;769;1114;787;743
699:369;40;57;126;751;593;743;771;683;48;824;809
700:40;335;591;683
701:693;743;825;683
702:39;120;48;683;743;770;87;825;831;809
703:554;40;664;705;646;544;599;561;680;518;201;593;727;743;683;820;87;825;667;809
704:201;743;832;561;825;683;924;570;369;641;771;857;809;1114
705:703;744
706:614;238
707:708;663;678;743;751;878;771;809;369;1052;857;786;1153;985;502;667;1301;683
708:707
709:635
710:561
711:561
712:46;40;349;599;1131;683
713:568
714:40;683;743;825;599;561;1165;201;809;687
715:130;1411
716:635
717:238
718:551;883;40;369;667
719:617;680;529;331;625;825;743;238
720:40;1101
721:663;689;815;683;864;786;942
722:377;157
723:601;413
724:40;554;55;825;809;786;1041;857
725:662;54;201;657;683;743;786;825;897;369;1131;1176;1341;809
726:238;683
727:81;561;703;626;770;751;771;641;908;1042;687;667;1389
728:693
729:599;54;557;48;121;614;52;201;561;554;665;69;288;760;122;733;40;834;857;864;743;641;771;667;809;605;982;744;1151;751;985;502;1301;683;1451
730:40;743;771;864;1131;683
731:40
732:312;693;985
733:238;369;54;641;584;126;617;87;157;99;683;635;60;88;38;377;66;57;81;743;122;287;52;729;698;118;120;159;151
734:665;760;825;667;771;870;557;912;683
735:644;667;1008;570;1228;651;1302;502;1334;1391;1414;544;1416
736:601;584;663;743;683;759;942;786;857;1225;1426
737:54
738:134;665
739:59
740:433;743;825;683;836;771;1341;1369
741:693;91;683;743;825;1183
742:625;48;44;743;65;149;557;786;982;771;992;857;1301;683
743:635;369;544;583;157;120;201;603;651;150;88;703;413;418;775;776;777;740;781;733;783;784;785;393;695;287;677;701;567;795;767;798;742;736;799;704;504;672;679;417;135;426;301;602;637;800;522;681;382;655;725;597;562;568;674;702;714;730;529;548;780;526;134;91;47;615;484;793;269;629;766;337;518;266;657;632;609;551;397;607;45;51;803;110;363;611;249;661;331;67;699;299;485;806;608;807;628;601;646;377;76;576;288;480;159;208;755;151;52;122;574;272;595;758;524;277;668;811;108;813;205;707;54;626;46;622;613;748;741;68;531;792;118;818;66;770;831;65;399;639;846;826;817;840;834;855;494;771;768;627;257;121;384;833;862;849;858;850;670;44;729;624;575;873;824;648;313;874;872;58;895;879;63;580;902;897;117;90;761;104;146;881;236;35;928;941;184;892;240;320;946;282;948;119;7;871;550;334;961;909;960;253;923;953;975;976;94;978;914;420;995;1000;1002;762;1004;857;1014;1022;1017;1025;1028;1030;1032;1033;769;1035;1040;1007;683;238;1034;663;1015;605;985;1059;1060;1055;1031;1045;1070;1076;1079;499;719;1058;1099;1010;969;1105;1111;1115;430;1131;1096;1088;1138;1147;1154;514;1158;929;1127;809;87;1181;1204;1126;59;751;1183;1240;1247;1191;698;278;1284;640;1201;1232;60;199;133;687;554;1306;1344;1282;1363;506;179;97;395;475;212;1374;284;177;1368;1188;1184;39;1101;1279;1358;1384;96;1063;1418;1450;667;1193;1367
744:705;81;729
745:48;610;40;369;331
746:57;479;683;1419
747:635;40;177;121
748:277;614;683;554;760;786;743;40;65;789;635;54;667;809;1002;856;1131;1274;1341
749:205
750:238
751:369;94;422;114;755;500;48;699;40;825;55;342;397;518;597;584;126;65;506;707;544;82;499;382;768;430;52;609;69;673;63;150;851;853;727;766;331;758;118;485;66;601;757;67;583;957;809;857;684;641;1025;771;818;585;887;985;1109;121;599;201;47;1131;729;120;1114;1003;743;1221;1341;383;683;1063;1204
752:40
753:635;698;369
754:693
755:751;743;544;87;786;1278;142;895;1344;683
756:635;818
757:40;600;369;751;825;928;809;909;1131;1177;683
758:39;761;762;743;599;426;601;771;785;662;751;40;786;864;765;683
759:272;48;377;40;65;915;736;923
760:88;40;674;617;122;299;689;683;45;729;680;46;603;599;734;748;67;312;771;825;369;47;51;151;272;159;698
761:238;758;599;665;40;743;683
762:758;635;683;585;561;825;743;599
763:369
764:238
765:40;110;600;369;94;604;665;606;179;626;683;149;157;561;118;758;238;277;628;913;809;1183;1274;1177;1441
766:46;52;743;751;40;683;667;1007;47;1322;121
767:683;743;825;864;1131
768:40;369;54;126;693;635;751;743;663;65;288;570;667;825;809;771;982;1026;1140;1151;1131;1161;641
769:118;151;377;66;120;159;46;38;693;879;570;680;76;337;238;67;698;625;423;743;44;331;257;985;1131;605;1341;1301
770:683;47;48;599;693;727;743;122;702;625;126;825;771;958;809;1010;1027;840
771:48;554;663;544;599;47;45;561;794;96;698;126;150;805;393;397;130;97;67;637;699;480;179;118;626;758;524;283;641;377;851;847;159;617;403;349;63;52;743;635;665;122;287;667;604;729;42;201;734;820;593;157;661;81;674;896;727;894;898;760;873;881;628;607;821;680;801;583;337;730;384;826;668;532;662;271;904;575;707;141;121;104;595;905;257;863;364;906;95;134;907;818;531;475;240;306;811;248;694;66;770;464;940;270;879;994;602;227;38;870;768;1001;238;742;493;687;704;236;131;616;682;1028;518;167;646;1019;802;568;120;751;809;119;511;199;343;417;923;58;399;418;1072;1098;1045;314;789;151;871;740;856;958;146;895;837;87;369;1226;857;1361;1057
772:693
773:418;681;584;666;1131;1341;544;683
774:197
775:743;683
776:743;683;825
777:743
778:693
779:629;1017
780:157;679;693;382;743;54;683;809;857
781:743;48;625
782:57
783:743;868;683
784:743;982;40
785:743;758;1131;1197;1303;238
786:599;54;422;601;551;629;725;748;45;655;821;646;609;126;665;121;544;49;840;157;758;118;674;679;817;661;57;58;66;384;382;611;299;865;721;820;636;857;499;742;529;736;602;724;648;377;887;951;985;577;67;591;707;870;271;610;1005;135;159;47;306;908;337;625;485;924;818;1180;1181;755;1016;91;666;176;1301;677;1204
787:554;96;550;299;599;76;39;625;47;622;343;614;151;583;698;331;985;1183;809;626
788:693;54
789:171;170;54;748;624;683;881;349;771;96;610;1278;1437;522;1443;1370
790:40;577
791:683
792:40;743;683
793:683;693;801;635;554;743;599;40;665;825;641;65;929;369;397;544;809;985;1084;1131
794:40;771;881;825;809;1034;609;667
795:743
796:683
797:40;683
798:743;238;1398
799:743;1368
800:743;831;825;40;1316;1174;1057;683
801:793;683;693;771;825;599;635;1131
802:593;369;809;48;771;825
803:743;683
804:54
805:771;1061;1183
806:743;614;40;625;1131;87;683;131;1183;4;423;1096;809
807:743;825;502;667
808:238;635;1139;1193;683;1312;809;1101;667;554;557;1184;1358
809:201;54;683;369;825;641;665;663;821;584;288;65;397;126;729;617;703;770;862;794;851;569;698;420;881;865;176;121;489;49;780;287;110;672;485;923;312;163;45;529;7;699;818;249;626;426;151;579;39;611;146;328;950;925;66;820;861;575;646;593;724;628;58;748;751;76;757;768;548;707;836;291;934;306;651;635;667;104;655;150;632;802;771;483;1040;240;236;157;118;52;270;67;122;277;88;377;120;704;850;284;51;349;396;159;331;639;601;320;57;35;793;343;1061;857;533;915;1074;1131;1178;743;680;557;47;765;518;583;134;1096;272;179;591;82;648;607;702;1192;1204;1207;1084;1231;1258;114;681;1150;59;787;149;72;68;1188;1045;1057;1199;554;96;1075;208;1126;622;480;662;1251;981;605;1205;616;879;1085;694;661;714;657;299;1298;1196;1305;1274;1268;1313;1317;1338;985;806;1361;1362;1183;599;561;625;544;693;44;131;423;887;1367;585;1225;278;1279;666;1174;978;725;501;238;90;1191;689;1208;843;1127;614;1382;1392;808;1374;1236;1455
810:635;693;601;40
811:743;48;54;819;52;126;771;349;157;561;641;121;599
812:369;238;683
813:743;126;369;683;667;635;680;825;54;1131;1341
814:526;693;825;605
815:721
816:118
817:126;847;683;583;743;825;786;48;985;1131
818:599;743;756;825;683;771;909;945;864;809;561;369;87;584;751;786
819:554;54;663;126;584;599;399;861;811;51;930;985;1065;857;683;1176
820:591;342;703;288;40;52;825;66;87;277;667;771;961;786;369;809;992;1112;985;544;694;683;107;626;133;238;523
821:680;288;105;584;544;583;786;833;69;771;825;809;957;857;641;609;1045;369;667;625;453;651;1197;35;1258;1142;635;679;557;1184
822:635
823:126
824:331;743;699;864;1193
825:751;599;734;87;575;40;484;45;680;632;301;614;617;335;770;607;66;110;674;122;67;552;557;76;626;544;118;95;637;820;767;698;665;667;60;550;397;663;524;818;480;800;47;150;554;349;205;227;835;331;272;724;704;833;701;591;531;382;840;622;741;817;740;679;852;681;859;499;574;689;776;725;615;703;56;576;714;126;587;573;883;850;201;895;760;635;793;916;917;343;485;236;39;297;146;63;35;616;199;919;169;104;516;313;757;682;925;926;334;141;163;794;135;377;661;871;801;121;881;369;633;518;116;217;702;849;44;165;931;398;548;934;504;526;830;283;51;821;174;935;936;768;420;807;648;861;946;809;762;914;960;857;969;157;976;687;829;978;909;908;578;1004;986;609;384;1049;1034;874;1068;985;802;1045;719;1060;1088;1111;856;1127;1063;1133;1131;813;233;1145;271;1138;1150;1146;1157;1158;1126;1193;1231;1232;1233;1236;1214;1248;1250;1258;1207;1268;1245;1271;1276;1282;1318;814;1323;1354;1278;1361;1363;1279;1349;1432;1419;1367;1267;1374;1295;1441;641;1358;1350
826:663;48;126;743;614;683;118;771;40
827:68;584;377;632;683
828:238
829:335;870;825
830:126;680;897;825
831:800;743;377;641;702;636;683;864;369;985
832:704;45
833:39;825;40;821;846;743;54;561
834:52;641;120;729;151;597;743;48;683;1091;369
835:825;683
836:67;40;629;575;118;858;740;809
837:40;683;369;771
838:238
839:683
840:384;825;743;641;40;867;786;369;992;635;1131;625;770;599;1156;133;1025;1259;1326;531;971;272;665;96;159;522;683;1389;1393;89;1438
841:238
842:238
843:38;683;809;238
844:681;54
845:238
846:743;614;833;683;857
847:817;771
848:549;283
849:306;743;48;554;683;825;1131;369;1101;238;625;1341;599;1183
850:40;554;683;87;663;614;743;667;698;121;126;120;825;48;599;157;680;65;920;881;201;369;864;561;544;982;809;1132;54;236;118;1131
851:771;751;683;48;809;646;238
852:825;1183;683
853:751
854:40
855:743;648;40;44;641;1175;683
856:646;150;40;201;68;625;277;52;179;134;771;825;48;871;54;656;748;663;58
857:729;583;663;561;65;195;579;683;609;825;40;786;397;87;611;46;665;680;626;924;150;821;617;846;895;751;66;133;60;51;44;524;157;121;126;736;614;679;299;151;122;743;858;201;704;809;377;45;227;499;331;369;707;909;742;881;599;648;306;38;982;593;48;54;574;695;724;56;81;130;1007;418;819;67;674;57;780;480;76;58;288;313;349;382;908;484;118;646;1074;657;430;552;525;39;179;82;1091;912;635;610;625;771;661;601;1204;1183;52;312;632
858:836;54;743;683;238;857
859:825;40;1183;570
860:683
861:819;825;809;1101
862:40;743;683;238;641;625;45;809;609;614;349;635;46
863:48;771;864;369
864:88;729;391;895;758;850;60;591;721;679;730;548;597;82;818;881;883;958;909;912;674;923;928;863;299;1077;1043;629;995;177;1027;824;480;484;133;331;767;986;682;426;344;417;1005;609;951;393;831;301;99;430
865:369;126;786;809;985
866:369;683
867:840
868:783;683;201;369
869:683
870:66;87;641;734;683;829;771;786
871:48;40;599;825;561;635;665;743;895;641;881;122;54;369;575;522;771;856;1131
872:40;641;743
873:743;683;771
874:743;44;825;667;683;502
875:238
876:238
877:369;635;40;657
878:648;707;118
879:48;635;121;44;743;238;769;771;809;667;502;1341;1183;683
880:150;120
881:369;65;554;635;544;771;40;683;195;663;743;794;257;672;480;850;54;825;48;118;789;91;626;131;950;535;616;122;957;864;809;871;857;1075;149;985;1131;1143;1142;1190;694;1202;1222
882:683;1249
883:718;825;635;683;864
884:635;683
885:683;1341
886:40;1131;99;635
887:656;369;786;663;635;751;65;605;625;1270;518;561;687;108;7;641;1204;1313;667;809;1377;1400
888:683
889:683
890:384;48;614
891:238;40
892:238;54;635;40;743;1226
893:238
894:48;771;1008;599
895:114;40;743;599;825;518;97;864;871;641;857;683;985;1131;771;755;1384;667
896:771;238;635
897:66;725;830;665;343;680;120;743;616;548;561;121
898:771;667
899:122;133
900:40
901:81;1404;142
902:743
903:683
904:771;667;683
905:771
906:771;81
907:771
908:369;683;825;727;159;40;857;786
909:40;818;663;683;614;743;864;825;369;81;635;54;857;757;680;584;646;126;688
910:683
911:683
912:617;557;599;655;734;864;857;667
913:399;1131;765;1226;1438
914:52;609;825;743;48;683;641
915:632;759;54;683;665;51;809
916:825
917:825;39
918:238;48;40
919:825;599;641;1231;1209;40
920:850;683;585;258;635
921:683
922:683
923:238;48;66;743;369;809;864;759;430;771;683;1183;667
924:704;42;635;857;786;1176
925:825;809
926:825
927:40
928:757;40;683;743;864;684;369
929:614;793;601;743
930:118;562;819
931:825;40;683
932:40
933:626;661;674
934:825;809
935:825;658;369
936:825
937:238
938:646
939:238
940:771
941:743;40
942:736;40;665;721
943:40
944:584
945:818
946:743;40;825
947:635;48;599
948:743;687
949:40;614;951
950:881;809
951:40;949;614;430;786;864;683
952:40;258;76;369;1341
953:680;40;133;743;667;1205;683
954:683
955:40;120;680;683
956:683;122;40
957:613;821;751;881;120;40
958:258;770;663;864;369;1033;1118;771
959:554;1131
960:238;743;683;825;635
961:820;743;561
962:81
963:81
964:40
965:662;369;667;502
966:369
967:575
968:52
969:825;40;518;65;743
970:238
971:45;641;635;369;840
972:201
973:40
974:81;369
975:743;985
976:825;683;743
977:554;238
978:743;665;683;635;825;1131;238;599;809
979:40
980:599
981:641;1025;554;683;1057;809;238
982:742;369;426;784;499;151;729;66;44;850;377;768;857;1131
983:94;258;1009
984:641;54
985:54;40;369;817;663;87;331;575;593;680;584;544;819;743;626;825;793;65;328;44;1007;561;881;126;751;238;35;201;146;614;149;45;284;67;1116;557;413;282;609;820;617;397;1045;895;786;769;58;60;667;52;240;665;1131;122;104;157;646;632;787;616;120;666;47;499;1233;681;622;693;159;1258;729;831;1266;732;687;975;1087;865;179;433;707;648;1245;599;1085;641;485;220;38;343;1172;1249;402;1313;1322;1315;1312;1339;809;1156;1382;1399;1063;683;1384;1419;1410;1412;1204;1442
986:683;40;369;825;864
987:238
988:646
989:40
990:635
991:683
992:238;683;159;114;820;88;529;149;614;742;641;840;299;369;56
993:683;118;331
994:771
995:48;743;864;369;1131;1215;1341;683
996:369;1131
997:369
998:151
999:683;40;369
1000:40;743
1001:771
1002:748;743;575;561
1003:39;118;751
1004:683;743;48;40;87;825;369;641;54
1005:683;48;635;65;1074;864;786;1341;1101
1006:238
1007:126;663;48;635;1016;554;625;743;857;985;683;1131;1193;1221;1323;1341;1126;766;1358
1008:894;126;238;599;1024;1057;735;1131;1156;145;1184;667;1341;1370;1279;570;87;312;1196;554
1009:983;312
1010:614;770;48;238;743;625;1131
1011:561
1012:238
1013:635
1014:238;641;743;584;1131;635
1015:48;369;743
1016:1007;635;786;1075;561;1391;1358;683
1017:40;635;48;743;629;369;779;1341
1018:4;44
1019:48;557;771;1046;1215;554
1020:40;60
1021:81
1022:743;683;54;635
1023:54;680
1024:531;1008;641;238
1025:743;751;485;687;981;533;1114;683;840;1295
1026:768
1027:770;51;554;864;585;1131;40;1231;1184;667;1333;683
1028:369;743;771;635
1029:561
1030:743
1031:635;349;743;45
1032:743;544
1033:743;958
1034:40;794;743;825
1035:40;743;683;609
1036:665;126
1037:48
1038:635;384
1039:683;635
1040:635;369;683;743;40;809;54;561
1041:724;683;208
1042:727;1131
1043:238;384;864;1079
1044:54;626
1045:40;680;48;625;97;583;238;743;561;369;825;121;56;771;544;821;1090;635;1126;397;1122;985;1156;1131;687;45;96;809;683;1358;1301;1409
1046:1019
1047:617;238;54;609
1048:238
1049:825
1050:680
1051:159
1052:683;707;118
1053:683;369
1054:599;1193
1055:48;743;584;683
1056:343
1057:1008;238;599;1082;1133;981;1221;809;1085;544;625;1183;771;45;800;56;157;1204
1058:238;54;47;743;1159;1131;1173
1059:743;369;596
1060:743;683;1096;825;54;635;369;40
1061:809;805;299
1062:680
1063:81;87;561;825;1136;1131;1183;1341;238;985;751;667;743
1064:369;584
1065:819
1066:635;1193
1067:238;87
1068:683;825
1069:238
1070:743
1071:635;349
1072:771;683;667
1073:665;646;1205
1074:1005;48;809;561;857;1131;584;369
1075:881;544;1016;687;809;1338;1131;599;614
1076:54;743
1077:864;369;683
1078:666;667;1439
1079:743;384;1043;1245;1340;1444
1080:172
1081:683
1082:1057;1131;1341
1083:554;687;1131;1162;683;1215
1084:793;809;1131;554;599;369;1199;1341;1279
1085:40;238;1131;809;985;1057;369;1233;97
1086:40
1087:687;985;683
1088:238;825;743
1089:665;369;121;65
1090:40;485;133;1045;683
1091:544;39;54;611;834;857;683
1092:635;40;683
1093:201;67;635;1131;683
1094:134
1095:635;599;683;1096
1096:1060;201;115;149;1137;337;743;557;583;205;364;269;313;506;509;809;1231;1240;806;1341;1095;50;1356;1428;1184
1097:384;635
1098:771
1099:743
1100:48
1101:554;557;1131;544;1219;584;238;617;1279;849;1331;1225;1183;861;743;1394;1120;1005;720;808;1430;667;1358;1184
1102:617;593;683
1103:1104;1279
1104:1103;1279
1105:683;40;743;1131;1412
1106:238;40
1107:683;40
1108:599
1109:751
1110:40;1193
1111:825;369;743
1112:820
1113:58;238
1114:518;698;121;704;122;529;397;157;614;1025;751;257;1304
1115:743
1116:985
1117:635
1118:958;369
1119:554
1120:4;570;1405;1101
1121:88;4
1122:40;1045;680;625;561
1123:629;561;635;1187;1225
1124:369
1125:238
1126:1045;561;40;480;1131;825;743;423;1193;809;1196;537;603;683;1207;1191;554;614;1007;665;1156;635;87;121
1127:825;635;743;1131;238;809;369
1128:277
1129:683;1131
1130:413;635;131
1131:881;682;625;377;349;499;369;614;544;40;397;96;1007;88;825;743;599;641;769;50;1027;537;849;417;47;809;895;1074;133;751;748;913;1129;547;680;1063;561;793;518;681;179;609;982;287;38;584;1093;806;306;118;712;1010;557;687;1105;149;995;382;767;299;44;480;886;1014;558;326;801;785;266;768;622;602;1126;840;364;331;45;817;548;540;1156;813;238;985;1151;1164;343;126;959;1083;1082;871;657;550;730;616;99;635;773;591;1127;1008;978;1045;626;850;636;51;134;725;120;60;148;1101;1058;56;81;67;87;757;996;82;583;1185;1085;1192;1200;1201;1220;1084;1232;1258;1225;1276;1289;578;1211;1313;1279;272;1325;1132;1331;1341;1344;1352;1315;1359;1378;1379;1403;1349;1419;1424;1075;1433;1042;1350;1193
1132:850;1196;635;1131
1133:40;825;1057;4;1166
1134:87
1135:67;499;87
1136:40;48;208;157;1063
1137:1096
1138:238;825;743;635
1139:238;635;665;808;312;299;626
1140:768
1141:635
1142:40;881;201;821
1143:881
1144:426;238;561;51
1145:825
1146:87;825
1147:238;743
1148:47
1149:343
1150:825;667;809;554;1291;1184;561;87
1151:729;768;1131
1152:238
1153:687;680;707;625
1154:743
1155:641;617
1156:201;635;1131;1045;840;1191;1226;1008;1287;1171;1199;1126;985;1292;1428;1184
1157:825
1158:743;825
1159:635;1058
1160:238
1161:768
1162:506;1083
1163:238;680
1164:1131
1165:625;238;714
1166:1133
1167:683
1168:40;683
1169:641;544
1170:683
1171:663;544;557;1193;201;1156;1370;1371;1329;1448;683
1172:544;985;56;667
1173:544;67;1058;557;614;1184
1174:548;1190;1316;1341;1334;800;809;683
1175:855
1176:1177;67;924;118;819;725;1345
1177:1176;614;87;635;757;134;121;602;765
1178:809;1341;667;683
1179:390
1180:786
1181:743;786
1182:44;552;667
1183:544;56;665;607;1193;1198;1211;54;787;765;99;1226;554;680;312;1233;859;743;1244;1252;1258;72;857;599;1274;1275;1063;501;1301;805;40;683;806;126;272;741;1313;1279;557;879;1341;852;66;923;485;849;591;1101;1057;809;583;1291;1358
1184:544;1150;1008;114;97;683;212;687;320;635;1191;1207;641;821;1027;59;502;667;518;743;681;537;312;1358;47;1198;1419;1156;1216;96;499;1221;583;1096;561;1101;808;142;1173;121;554;1282
1185:1131
1186:87
1187:1123;1269;1272;1296;557;1384;1255
1188:67;544;809;743
1189:87
1190:881;301;1174;1193
1191:1156;743;554;1126;1334;1184;809;1408
1192:809;1131;56;238
1193:126;151;81;369;157;272;683;825;583;584;1195;1196;131;1066;1183;1190;680;52;1110;693;539;625;1171;114;808;1208;694;1209;47;1054;1007;1229;529;585;580;824;1126;1230;45;641;554;1131;238;423;743;561
1194:81
1195:1193
1196:1193;238;58;1233;1276;1126;1287;1290;614;809;1132;1279;1336;1334;1337;1225;1199;683;1358;679;1282;1008;1267;40;1204;680
1197:785;821;1380;683;667
1198:1183;635;1184;1414
1199:40;809;238;1084;1156;1196
1200:1131
1201:1131;743;40;561
1202:544;881;552;58;1341;683
1203:680
1204:809;338;743;1221;1224;356;1227;685;466;465;303;1237;1239;354;507;446;1254;1256;1257;185;362;1258;857;502;667;887;151;1341;683;985;544;561;1057;87;104;35;693;126;599;81;625;641;786;1196;751;1358
1205:1073;953;40;809
1206:133
1207:809;825;554;1126;1184;1351;502;667;238
1208:1193;1341;809;683
1209:1193;625;919
1210:561
1211:1183;1131;238;554
1212:544;1368
1213:7
1214:121;825;561
1215:995;1019;47;1083
1216:544;238;683;1184
1217:625
1218:97;644
1219:1101;635
1220:1131;238
1221:1204;81;751;570;1057;1007;38;683;667;1184;118;150;67
1222:97;881
1223:683
1224:1204
1225:68;1123;635;554;121;617;1131;238;736;624;1330;105;561;667;502;1196;1101;809;1370;585;58;1367;683
1226:1183;913;119;548;50;641;1156;771;892;146;1240;1292;683
1227:1204
1228:735
1229:1193;683
1230:1193
1231:694;919;1096;1027;617;644;809;825;680;502;667
1232:1131;683;825;561;743;1307
1233:825;1183;641;238;1196;985;561;625;680;1085
1234:1235
1235:1234
1236:825;599;809;40;680
1237:1204;544
1238:238
1239:1204
1240:40;1226;743;1096;54;238
1241:81;605;177;1341
1242:1243;544;683
1243:1242
1244:1183
1245:661;825;985;1079
1246:687
1247:743;40
1248:825
1249:882;985;1388;683
1250:825;238
1251:561;584;809;667
1252:1183;641;1301;683;1441
1253:47
1254:1204
1255:87;40;238;1187
1256:1204
1257:1204;1298
1258:825;1131;238;809;683;821;1204;610;1183;985;423;1341
1259:840
1260:635;642;81;413
1261:238;561
1262:1263
1263:1262
1264:635
1265:238
1266:985;1341;683
1267:687;1268;369;825;238;561;1196
1268:825;1267;809;635
1269:1187;40;238;1395
1270:887
1271:825
1272:1187;599
1273:238
1274:278;765;605;413;748;1183;635;809;40
1275:1183
1276:238;635;825;625;1277;126;561;665;1131;683;1196
1277:1276;625;1374;683
1278:40;60;755;789;825
1279:1103;1104;554;561;1101;625;680;1196;683;40;1131;238;1183;1334;809;743;825;1084;142;1008;126
1280:58
1281:683
1282:635;825;238;554;743;1419;1196;1184
1283:238
1284:743
1285:104;284
1286:87;1288
1287:625;1196;1156
1288:1286
1289:1131
1290:238;1196;1300
1291:554;1150;1183
1292:1226;1156
1293:179;1297
1294:544
1295:693;683;1025;393;825;306
1296:1187;455
1297:1293;1299
1298:809;1257
1299:1297
1300:1290
1301:1183;1252;587;58;1045;626;641;108;707;729;47;742;583;667;238;769;786;682;54;57;46
1302:735
1303:785
1304:1114;580
1305:809;585;683
1306:551;655;743
1307:1232
1308:662
1309:644;1310;40
1310:1309;1341;683
1311:687
1312:808;985;544
1313:635;985;809;1131;1183;887
1314:1315
1315:1314;985;1335;1341;1131;272;39
1316:635;800;1174;4;126;585;149;680;667
1317:809
1318:825;635
1319:644
1320:238;1341;683
1321:238
1322:985;680;766;544
1323:1007;683;825;665;1330
1324:238
1325:1131
1326:1327;840
1327:1326;1341;667;208;554;557;614
1328:40;683
1329:423;1341;1171
1330:1225;1323;667;683;1446;502
1331:1101;1131
1332:4
1333:554;423;561;4;1027;683;693
1334:54;735;683;1196;1191;518;1174;1279
1335:1315
1336:1196
1337:1196
1338:809;583;599;625;1075
1339:985
1340:384;1079
1341:879;622;751;1202;1208;1017;748;548;995;485;1258;681;773;1342;537;499;1082;695;45;38;1063;1096;1320;1005;849;769;326;952;670;1266;625;1327;506;176;1315;1178;1346;813;682;1347;1241;1174;740;652;725;689;44;885;1348;1329;1007;1183;501;1131;1204;1310;1008;636;60;1084;369;583;40
1342:1341;667;502
1343:40
1344:755;1131;369;509;743;1351
1345:1176
1346:1341
1347:1341
1348:1341
1349:40;599;667;561;1131;683;238;825;502
1350:635;825;1131;238
1351:1207;1372;1344
1352:1131;1409;683
1353:238
1354:825;561;238;625
1355:238
1356:1096;413
1357:126;1418;667
1358:585;599;635;1045;561;1016;238;554;743;1196;667;1184;665;1007;96;825;1183;1101;1204;808
1359:1131
1360:93
1361:809;825;238;771;54
1362:809;1363
1363:743;825;1362;81;551
1364:238
1365:666
1366:522
1367:809;1225;825;667;743
1368:522;743;799;40;1212;693;1415
1369:740;157;179
1370:1171;1008;1225;789
1371:250;1171;599
1372:1351
1373:554;40
1374:4;1277;743;825;238;809;641;599;683;40
1375:601;179;1390;635
1376:142
1377:887;635;529
1378:1131;1413
1379:1131
1380:1197;544
1381:423
1382:985;554;809;54;369;238;561
1383:554
1384:1187;895;743;985
1385:585;126
1386:635;40;87;557
1387:40
1388:1249
1389:174;693;625;840;727;617;554
1390:1375
1391:635;452;1016;212;735
1392:809
1393:683;840
1394:1101;561;238
1395:238;683;1269
1396:1397
1397:1396
1398:798;532;1402
1399:985;561
1400:887
1401:617
1402:1398;683
1403:1131
1404:901
1405:1120
1406:607
1407:518;489
1408:1191
1409:45;1045;1352;159
1410:554;985
1411:715
1412:1105;985;544
1413:1378
1414:735;423;238;635;1198
1415:1368
1416:683;735
1417:585
1418:1357;743
1419:584;561;47;1131;1282;985;238;825;1184;544;635;746;1447
1420:683
1421:635;238
1422:641
1423:683
1424:423;1131
1425:557
1426:736
1427:501
1428:1156;1096
1429:397
1430:683;693;118;54;635;238;126;1101
1431:552;641;635
1432:331;54;369;825
1433:1131;561;599
1434:587
1435:683
1436:683
1437:295;789;635
1438:913;840;635
1439:667;1078
1440:554
1441:765;384;825;1252;680
1442:635;985
1443:789
1444:1079
1445:635
1446:1330
1447:1419
1448:1171
1449:657
1450:743
1451:729
1452:312
1453:683
1454:238
1455:809;625
